StartChar: Epsilontonos
Encoding: 904 904 407
Width: 517
VWidth: 0
Flags: HW
HStem: 0 100<244 477> 315 99<244 390> 546 100<244 473> 584 222
VStem: 19 92<733 781> 133 111<100 315 415 546>
LayerCount: 2
Fore
Refer: 392 900 N 0.798981 0 0 1 -170 -12 2
Refer: 371 917 S 0.884648 0 0 1 89 0 3
EndChar
