StartChar: Etatonos
Encoding: 905 905 408
Width: 517
VWidth: 0
Flags: HW
HStem: 0 10G<124 237 394 506> 292 105<239 394> 602 222 636 7G<124 237 394 506>
VStem: 54 90<751 799> 124 113<0 283 383 645> 394 112<0 292 397 643>
LayerCount: 2
Fore
Refer: 392 900 N 0.78519 0 0 1 -132 5 2
Refer: 373 919 S 0.900834 0 0 1 97 0 3
EndChar
