StartChar: Omegatonos
Encoding: 911 911 404
Width: 517
VWidth: 0
Flags: HW
HStem: 0 105<60 138 418 511> 546 106<233 342> 584 222
VStem: 49 90<733 781> 51 120<215 469> 400 118<232 468>
LayerCount: 2
Fore
Refer: 392 900 S 0.77674 0 0 1 -134 -12 2
Refer: 391 937 N 0.920464 0 0 1 47 0 3
EndChar
