StartChar: Omicrontonos
Encoding: 908 908 406
Width: 517
VWidth: 0
Flags: HW
HStem: -8 99<223 326> 560 99<236 329> 583 222
VStem: 53 90<732 780> 60 121<144 471> 376 121<167 481>
LayerCount: 2
Fore
Refer: 392 900 S 0.779659 0 0 1 -131 -14 2
Refer: 379 927 N 0.950986 0 0 1 43 0 3
EndChar
