StartChar: Upsilontonos
Encoding: 910 910 403
Width: 517
VWidth: 0
Flags: HW
HStem: 0 10G<258 363> 584 222 656 10G<188 210 417 439>
VStem: 49 90<733 781> 258 105<0 319>
LayerCount: 2
Fore
Refer: 392 900 S 0.77674 0 0 1 -134 -12 2
Refer: 382 933 N 0.86223 0 0 1 103 0 3
EndChar
