StartChar: aringacute
Encoding: 507 507 459
Width: 517
VWidth: 0
Flags: HW
HStem: -5 98<168 280> 229 98<181 306> 400 102<142 293> 551 64<203 282> 676 69<204 283>
VStem: 27 128<106 205> 109 92<620 672> 285 93<620 672> 323 125<135 211 304 371>
LayerCount: 2
Fore
Refer: 323 769 S 0.616025 0.271363 -0.314658 0.714309 517 151 2
Refer: 64 229 N 1 0 0 1 0 0 3
EndChar
