StartChar: dieresistonos
Encoding: 901 901 411
Width: 517
VWidth: -13
Flags: HW
HStem: 573 100<71 208 276 414> 659 204
VStem: 71 136<573 673> 232 107<796 841> 276 138<573 671>
AnchorPoint: "above_accent" 242 537 mark 0
LayerCount: 2
Fore
Refer: 392 900 S 0.926471 0 0 0.920192 13 110 2
Refer: 173 168 N 1 0 0 0.853679 0 79 2
EndChar
