StartChar: ellipsis
Encoding: 8230 8230 523
Width: 517
VWidth: 12
Flags: HW
HStem: 0 153<-17 120 178 315 373 510>
VStem: -17 137<0 153> 178 137<0 153> 373 137<0 153>
LayerCount: 2
Fore
Refer: 53 46 N 0.888889 0 0 1 224 0 2
Refer: 53 46 N 0.88889 0 0 1 -167 0 2
Refer: 53 46 N 0.888889 0 0 1 29 0 2
EndChar
