StartChar: ldot
Encoding: 320 320 257
Width: 517
VWidth: 15
Flags: HW
HStem: -9 98<302 427> 288 120<335 461> 586 98<50 173>
VStem: 173 125<94 134 134 586> 335 126<288 408>
LayerCount: 2
Fore
Refer: 171 183 N 0.817461 0 0 0.782367 164 140 2
Refer: 12 108 N 1 0 0 1 0 0 2
EndChar
