StartChar: uni03D3
Encoding: 979 979 416
Width: 517
VWidth: 0
Flags: HW
HStem: 0 10G<245 354> 507 10G<439 490> 577 222 662 10G<401 473> 676 10G<121 165>
VStem: 34 89<725 774> 245 109<0 401> 440 80<522 557>
LayerCount: 2
Fore
Refer: 392 900 N 0.769819 0 0 1 -148 -20 2
Refer: 415 978 N 0.856471 0 0 1 83 0 3
EndChar
