StartChar: Epsilontonos
Encoding: 904 904 407
Width: 517
VWidth: 0
Flags: HW
HStem: -1 73<180 474> 325 73<181 382> 559 75<181 469> 589 240
VStem: 87 79<755 807> 109 72<72 325 398 559>
LayerCount: 2
Fore
Refer: 392 900 N 0.903507 0 0 1 -152 -8 2
Refer: 371 917 N 0.937574 0 0 1 62 0 3
EndChar
