StartChar: Etatonos
Encoding: 905 905 408
Width: 520
VWidth: 0
Flags: HW
HStem: 0 10G<91 166 413 486> 305 74<168 413> 602 240 623 7G<91 165 413 486>
VStem: 81 80<768 820> 91 74<0 295 366 632> 413 73<0 305 379 630>
LayerCount: 2
Fore
Refer: 392 900 N 0.910545 0 0 1 -160 5 2
Refer: 373 919 N 0.949588 0 0 1 63 0 3
EndChar
