StartChar: Iotatonos
Encoding: 906 906 409
Width: 517
VWidth: 0
Flags: HW
HStem: -5 72<118 249 321 442> 551 75<120 249 321 444> 573 240
VStem: 86 79<739 790> 249 72<67 555>
LayerCount: 2
Fore
Refer: 392 900 N 0.900635 0 0 1 -152 -24 2
Refer: 375 921 N 0.927184 0 0 1 58 -7 3
EndChar
