StartChar: Ldot
Encoding: 319 319 256
Width: 517
VWidth: 15
Flags: HW
HStem: -1 75<147 460> 288 112<257 363> 624 10G<69 147>
VStem: 69 79<74 634> 257 105<288 400>
LayerCount: 2
Fore
Refer: 171 183 S 0.860558 0 0 0.851281 55 127 2
Refer: 35 76 N 1 0 0 1 0 0 3
EndChar
