StartChar: Omegatonos
Encoding: 911 911 404
Width: 520
VWidth: 0
Flags: HW
HStem: 0 73<54 129 202 216 397 485> 547 240 571 75<198 353>
VStem: 46 72<204 462> 88 74<714 765> 421 71<218 488>
LayerCount: 2
Fore
Refer: 392 900 N 0.84511 0 0 1 -136 -49 2
Refer: 391 937 N 0.92464 0 0 1 38 0 3
EndChar
