StartChar: Upsilontonos
Encoding: 910 910 403
Width: 520
VWidth: 0
Flags: HW
HStem: -3 10G<257 327> 576 240 639 10G<140 166 438 462>
VStem: 79 74<742 793> 257 71<-3 313>
LayerCount: 2
Fore
Refer: 392 900 N 0.837594 0 0 1 -143 -21 2
Refer: 382 933 S 0.904207 0 0 1 81 0 3
EndChar
