StartChar: afii10062
Encoding: 1038 1038 750
Width: 520
Flags: HW
HStem: -11 74<106 193> 631 10G<67 118 396 427> 669 75<189 326>
VStem: 17 80<562 617> 85 76<774 804> 354 81<771 799> 400 77<567 622>
LayerCount: 2
Back
Refer: 328 774 S 1 0 0 1 9.41133 6.34766 2
Refer: 771 1059 N 1 0 0 1 0 0 2
Fore
Refer: 328 774 S 1 0 0 1 9 6 2
Refer: 771 1059 N 1 0 0 1 0 0 2
EndChar
