StartChar: dieresistonos
Encoding: 901 901 411
Width: 517
VWidth: -13
Flags: HW
HStem: 533 94<68 183 266 381> 613 221
VStem: 68 115<533 626> 261 81<765 813> 266 115<532 625>
LayerCount: 2
Fore
Refer: 392 900 N 0.926471 0 0 0.920192 16 63 2
Refer: 173 168 N 1 0 0 0.853679 0 79 2
EndChar
