StartChar: ellipsis
Encoding: 8230 8230 544
Width: 520
VWidth: 12
Flags: HW
HStem: 0 131<6 115 201 310 396 505>
VStem: 6 109<0 131> 201 109<0 131> 396 109<0 131>
LayerCount: 2
Fore
Refer: 53 46 N 0.888889 0 0 1 29 0 2
Refer: 53 46 N 0.88889 0 0 1 -167 0 2
Refer: 53 46 N 0.888889 0 0 1 224 0 2
EndChar
