StartChar: ldot
Encoding: 320 320 257
Width: 520
VWidth: 15
Flags: HW
HStem: -8 69<265 445> 288 112<365 471> 620 75<56 183>
VStem: 183 76<104 619> 365 105<288 400>
LayerCount: 2
Fore
Refer: 171 183 N 0.860558 0 0 0.851281 163 127 2
Refer: 12 108 N 1 0 0 1 0 0 2
EndChar
