StartChar: uni04DD
Encoding: 1245 1245 923
Width: 517
Flags: HW
HStem: -2 10G<222 288> 220 72<181 222 288 325> 498 3G<51 96 222 288 414 458> 578 110<92 207 291 405>
VStem: 92 115<578 687> 222 66<-2 220 292 498> 291 115<577 685>
LayerCount: 2
Back
Refer: 173 168 N 1 0 0 1 -5.85938 -19.043 2
Refer: 790 1078 S 1 0 0 1 -8.78906 1.46484 3
Fore
Refer: 173 168 N 1 0 0 1 24 46 2
Refer: 790 1078 N 1 0 0 1 0 0 3
EndChar
