StartChar: Epsilontonos
Encoding: 904 904 405
Width: 517
VWidth: 0
Flags: HW
HStem: -1 73<159 455> 325 73<219 406> 559 75<248 536> 589 240
VStem: 90 184
LayerCount: 2
Fore
Refer: 390 900 N 0.903507 0 0 1 -152 -8 2
Refer: 369 917 N 0.937574 0 0 1 62 0 3
EndChar
