StartChar: Etatonos
Encoding: 905 905 406
Width: 517
VWidth: 0
Flags: HW
HStem: 0 10G<57 139 378 453> 305 74<200 434> 602 240 623 7G<173 246 487 568>
VStem: 83 186
LayerCount: 2
Fore
Refer: 390 900 N 0.910545 0 0 1 -160 5 2
Refer: 371 919 N 0.949588 0 0 1 63 0 3
EndChar
