StartChar: Iotatonos
Encoding: 906 906 407
Width: 517
VWidth: 0
Flags: HW
HStem: -5 72<97 228 301 408> 551 75<198 316 389 511> 573 240
VStem: 89 184
LayerCount: 2
Fore
Refer: 390 900 N 0.900635 0 0 1 -152 -24 2
Refer: 373 921 N 0.927184 0 0 1 58 -7 3
EndChar
