StartChar: Ldot
Encoding: 319 319 254
Width: 517
VWidth: 15
Flags: HW
HStem: -1 75<125 429> 624 10G<153 234>
LayerCount: 2
Fore
Refer: 171 183 S 0.860558 0 0 0.851281 108 127 2
Refer: 35 76 N 1 0 0 1 0 0 3
EndChar
