StartChar: Omegatonos
Encoding: 911 911 402
Width: 517
VWidth: 0
Flags: HW
HStem: 0 73<33 108 376 467> 547 240 571 75<263 417>
VStem: 62 73<153 373> 90 172 462 69<311 522>
LayerCount: 2
Fore
Refer: 390 900 N 0.84511 0 0 1 -136 -49 2
Refer: 389 937 N 0.92464 0 0 1 38 0 3
EndChar
