StartChar: Upsilontonos
Encoding: 910 910 401
Width: 517
VWidth: 0
Flags: HW
HStem: -3 10G<223 295> 576 240 639 10G<219 243 516 542>
VStem: 81 171
LayerCount: 2
Fore
Refer: 390 900 N 0.837594 0 0 1 -143 -21 2
Refer: 380 933 S 0.904207 0 0 1 81 0 3
EndChar
