StartChar: dieresistonos
Encoding: 901 901 409
Width: 517
VWidth: -13
Flags: HW
HStem: 533 94<156 249 354 447> 623 221
VStem: 270 189
LayerCount: 2
Fore
Refer: 390 900 S 0.926471 0 0 0.920192 22 74 2
Refer: 173 168 N 1 0 0 0.853679 0 79 2
EndChar
