StartChar: ellipsis
Encoding: 8230 8230 542
Width: 517
VWidth: 12
Flags: HW
HStem: 0 131<19 106 215 301 410 496>
VStem: -3 132 192 132 387 132
LayerCount: 2
Fore
Refer: 53 46 S 0.888889 0 0 1 52 0 2
Refer: 53 46 S 0.88889 0 0 1 -143 0 2
Refer: 53 46 S 0.888889 0 0 1 248 0 2
EndChar
