StartChar: ldot
Encoding: 320 320 255
Width: 517
VWidth: 15
Flags: HW
HStem: -9 69<235 408>
VStem: 137 79<81 272>
LayerCount: 2
Fore
Refer: 171 183 N 0.860558 0 0 0.851281 163 127 2
Refer: 12 108 N 1 0 0 1 0 0 2
EndChar
