StartChar: uni030E
Encoding: 782 782 336
Width: 517
VWidth: -16
Flags: HW
LayerCount: 2
Fore
Refer: 335 781 N 1 0 0.19438 1 80 0 2
Refer: 335 781 N 1 0 0.19438 1 -49 0 2
EndChar
