StartChar: Epsilontonos
Encoding: 904 904 407
Width: 517
VWidth: 0
Flags: HW
HStem: 0 100<228 464> 315 99<283 413> 546 100<302 535> 584 222
VStem: 29 176
LayerCount: 2
Fore
Refer: 392 900 N 0.798981 0 0 1 -170 -12 2
Refer: 371 917 S 0.884648 0 0 1 89 0 3
EndChar
