StartChar: Etatonos
Encoding: 905 905 408
Width: 517
VWidth: 0
Flags: HW
HStem: 0 10G<91 212 361 492> 292 105<272 412> 602 222 636 7G<298 309 466 586>
VStem: 64 173
LayerCount: 2
Fore
Refer: 392 900 N 0.78519 0 0 1 -132 5 2
Refer: 373 919 S 0.900834 0 0 1 97 0 3
EndChar
