StartChar: Ldot
Encoding: 319 319 256
Width: 517
VWidth: 15
Flags: HW
HStem: -1 103<184 449> 288 120<293 396> 637 10G<145 290>
VStem: 270 150
LayerCount: 2
Fore
Refer: 171 183 S 0.817461 0 0 0.782367 129 140 2
Refer: 35 76 N 1 0 0 1 0 0 3
EndChar
