StartChar: Omegatonos
Encoding: 911 911 404
Width: 517
VWidth: 0
Flags: HW
HStem: 0 105<43 123 403 498> 566 106<310 421> 583 222
VStem: 51 156 72 121<174 393> 446 116<297 536>
LayerCount: 2
Fore
Refer: 392 900 N 0.712084 0 0 1 -126 -14 2
Refer: 391 937 S 0.920464 0 0 1 47 0 3
EndChar
