StartChar: Omicrontonos
Encoding: 908 908 406
Width: 517
VWidth: 0
Flags: HW
HStem: -8 99<211 305> 560 99<309 394> 583 222
VStem: 63 171 67 122<114 328> 414 120<290 538>
LayerCount: 2
Fore
Refer: 392 900 S 0.779659 0 0 1 -131 -14 2
Refer: 379 927 N 0.950986 0 0 1 43 0 3
EndChar
