StartChar: Upsilontonos
Encoding: 910 910 403
Width: 517
VWidth: 0
Flags: HW
HStem: 584 222 655 10G<254 274 482 515>
VStem: 59 171
LayerCount: 2
Fore
Refer: 392 900 N 0.77674 0 0 1 -134 -12 2
Refer: 382 933 N 0.86223 0 0 1 103 0 3
EndChar
