StartChar: dieresistonos
Encoding: 901 901 411
Width: 517
VWidth: -13
Flags: HW
HStem: 573 100<207 320 412 526> 652 204
VStem: 310 204
AnchorPoint: "above_accent" 335 532 mark 0
LayerCount: 2
Fore
Refer: 392 900 S 0.926471 0 0 0.920192 79 103 2
Refer: 173 168 N 1 0 0 0.853679 0 79 2
EndChar
