StartChar: ellipsis
Encoding: 8230 8230 767
Width: 517
VWidth: 12
Flags: HW
HStem: 0 153<2 114 198 309 393 505>
VStem: -23 163 172 163 367 163
LayerCount: 2
Fore
Refer: 53 46 S 0.888889 0 0 1 250 0 2
Refer: 53 46 S 0.88889 0 0 1 -140 0 2
Refer: 53 46 S 0.888889 0 0 1 55 0 2
EndChar
