StartChar: ldot
Encoding: 320 320 257
Width: 517
VWidth: 15
Flags: HW
HStem: -9 105<240 399> 288 120<329 431> 694 10G<175 212>
VStem: 91 129<115 273> 305 150
LayerCount: 2
Fore
Refer: 171 183 N 0.817461 0 0 0.782367 164 140 2
Refer: 12 108 N 1 0 0 1 0 0 2
EndChar
