StartChar: uni03D3
Encoding: 979 979 416
Width: 517
VWidth: 0
Flags: HW
HStem: 0 10G<214 332> 507 10G<494 507> 522 149<499 570> 577 222 676 10G<198 246>
VStem: 44 169
LayerCount: 2
Fore
Refer: 392 900 N 0.769819 0 0 1 -148 -20 2
Refer: 415 978 N 0.856471 0 0 1 83 0 3
EndChar
